4
2
946.27 235.11
328.65 462.8
13
391.94 612.24
181.57 685.95
448.5 616.49
3.76 857.79
631.1 113.71
660.32 643.77
418.88 356.76
950.7 439.73
741.69 870.51
741.75 854.27
280.76 653.18
369.61 744.69
275.22 55.51
13
901.55 1.79
818.23 96.89
652.35 513.79
695.36 504.19
116.21 268.85
436.13 553.15
184.25 229.92
53.77 79.9
498.78 704.53
818.76 493.5
235.2 532.81
438.09 673.03
117.31 888.38
19
172.83 421.51
189.75 458
359.55 338.14
156.37 286.64
939 873.34
732.22 660.56
940.3 371.37
807.5 285.38
633.15 170.22
387.51 50.93
713.23 501.21
319.97 881.02
279.74 409.57
847.66 156.52
273.84 168.12
589.64 193.96
651.96 610.19
948.33 942.91
229.56 175.04
