32
1 9
53.58 146.54 191.18 238.78 239.83 239.89 239.94 239.99 240 
8 12
134.31 225.05 225.3 233.47 235.34 239.65 239.66 239.68 239.83 239.89 239.99 240 
1 11
7.8 226.41 228.45 235.58 239.27 239.81 239.89 239.94 239.97 239.98 240 
4 8
21.43 55.8 200.88 237.3 239.61 239.96 239.98 240 
11 18
131.58 180.84 202.68 209.41 228.18 230.33 235.7 236.71 238.14 238.84 239.18 239.38 239.42 239.8 239.83 239.96 239.97 240 
12 19
98.95 151.87 182.41 187.21 193.43 208.76 209.81 224.66 235.62 236.84 238.53 238.98 239.12 239.72 239.84 239.86 239.92 239.94 240 
7 9
90.52 95.32 174.65 218.92 227.62 235.79 236.92 239.99 240 
1 10
84.96 231.81 236.48 239.2 239.38 239.6 239.93 239.98 239.99 240 
3 12
41.21 99.42 126.27 176.4 238.34 238.93 239.71 239.75 239.91 239.93 239.96 240 
6 16
21.94 53.46 111.95 147.6 218.3 221.61 228.7 233.83 238.51 239.62 239.86 239.89 239.95 239.97 239.99 240 
8 9
209.99 237.72 238.11 238.39 239.77 239.87 239.88 239.96 240 
3 6
124.72 149.41 201.81 206.53 239.99 240 
8 8
181.42 212.27 213.02 228.15 234.65 239.72 239.99 240 
10 10
192.14 218.98 237.03 238.06 239.09 239.78 239.95 239.96 239.99 240 
11 11
73.92 160.3 229.75 239.06 239.6 239.67 239.8 239.86 239.98 239.99 240 
7 10
74.47 88.23 91.89 183.93 234.67 236.56 237.39 237.69 239.34 240 
6 11
93.9 120.4 209.66 223.4 231.08 233.57 235.4 237.19 238.21 239.92 240 
2 15
40.9 80.87 212.17 214.64 232.19 235.32 238.15 238.82 239.13 239.74 239.89 239.96 239.97 239.98 240 
6 11
17.24 235.8 238.6 239.55 239.62 239.68 239.84 239.94 239.97 239.99 240 
4 5
205.68 232.9 236 239.9 240 
5 7
114.97 125.49 238.18 239.55 239.94 239.99 240 
9 9
222.38 225.85 229.97 239.05 239.2 239.75 239.96 239.98 240 
2 16
151.86 223.91 233.35 233.6 235.49 236.76 236.98 237.17 239.16 239.34 239.59 239.71 239.93 239.94 239.96 240 
8 15
119.22 139.47 215.84 218.76 221.46 222.41 228.24 229.73 236.17 238.66 238.9 239.37 239.65 239.86 240 
6 11
59.25 209.12 229.97 232.56 236.79 238.09 238.52 239.38 239.77 239.98 240 
12 16
101.01 151.79 158.64 180.86 193.84 219.02 234.02 237.8 238.54 239.43 239.7 239.73 239.93 239.96 239.99 240 
2 9
44.83 140.17 222.34 238.78 239.03 239.6 239.96 239.99 240 
8 11
142.57 168.61 213.09 219.38 230.31 231.3 231.46 239.85 239.95 239.96 240 
7 12
92.91 157.02 226.37 235.69 237.24 237.72 239.36 239.45 239.78 239.79 239.99 240 
2 12
21 91.03 132.73 212.31 218.26 226.75 229.96 236.62 239.97 239.98 239.99 240 
3 11
70.14 165.9 201.34 206.67 207.11 217.43 217.75 239.35 239.95 239.99 240 
3 9
198.4 217.98 226.11 226.57 239.91 239.94 239.96 239.97 240 
