4
38
1734 2613 2660 1839 3456 2582 666 1641 3191 44 955 3199 2725 593 3355 3105 1504 3000 3887 2930 3681 2450 1288 2512 2659 1461 2464 599 2134 1169 3036 3867 3781 2047 2057 3589 980 2722
1229 522 3118 2535 3720 1842 3480 3427 946 983 2778 832 264 2810 3633 1551 1322 2643 3363 137 3241 1848 1306 2628 2067 1438 674 123 1026 1654 3197 2607 2175 2314 1141 2247 507 972
25
1452 2306 1154 2635 2569 3964 2619 119 1637 1262 3833 1773 854 1681 3430 3482 3747 868 507 221 1893 2512 3417 499 1039
2082 1992 3285 2588 2963 1661 391 1269 3166 3377 3837 3129 1996 308 1117 3609 492 3242 814 2524 2671 295 2622 3538 1154
43
1783 3665 2611 2281 703 1045 624 339 3984 3587 2351 727 1207 1517 103 1043 997 2450 1702 2114 2410 2194 1707 3224 717 377 3870 3339 267 1375 2533 2049 1040 1495 681 2094 2539 1305 2433 2523 891 783 3249
2449 2651 3703 3843 3648 2153 1545 1761 914 90 3467 137 1158 195 359 848 461 1733 3732 2861 3124 1227 3542 1218 3765 846 2 2639 2088 1136 1887 536 3787 1590 378 3786 94 2274 1546 1007 2715 1364 1496
73
1558 2206 1072 2371 290 804 1231 3414 2030 1124 983 1794 1969 1336 433 408 2823 2671 1295 2961 612 2025 2746 705 650 291 2064 3365 2006 3911 3237 3916 2116 308 2286 2405 1463 3868 2170 3492 992 3152 1638 3312 839 2422 72 3662 1092 1366 2622 1704 3742 1368 2760 392 2010 1175 3756 368 1085 3344 283 3552 3 2920 2309 1466 2787 478 957 3778 3982
2946 3442 820 1367 3513 833 2811 878 3455 514 620 1174 3625 1363 3535 800 1118 3902 2236 813 184 1788 815 3103 96 2280 2242 925 3589 2019 906 2534 1812 2078 3901 1324 2910 2711 2554 2716 3576 3525 241 3552 887 3776 703 2356 3677 2939 3168 3861 726 3982 3315 1173 2614 1556 2097 2202 3927 3355 735 1738 1432 987 3062 693 49 1615 3409 3976 1491
